43
0 0 1.61267e-16 0
1 0 1.61267e-16 0
2 0 1.61267e-16 0
3 0 1.61267e-16 0
4 0 1.9381e-15 0
5 0 1.9381e-15 0
6 0 1.61267e-16 0
7 0 1.61267e-16 0
8 0 1.6388e-15 0
9 0 1.6388e-15 0
10 0 1.61267e-16 0
11 0 1.61267e-16 0
12 0 1.6388e-15 0
13 0 1.6388e-15 0
14 0 1.61267e-16 0
15 0 1.61267e-16 0
16 0 1.61267e-16 0
17 0 1.61267e-16 0
18 0 1.96087e-15 0
19 0 1.96087e-15 0
20 0 5.43783e-16 0
21 0 1.21154e-15 0
22 0 7.41895e-16 0
23 0 3.93921e-14 0
24 0 1.13887e-15 0
25 0 1.9434e-15 0
26 0 1.02813e-15 0
27 0 1.97192e-15 0
28 0 1.3331e-15 0
29 0 4.02886e-15 0
30 0 1.41512e-15 0
31 0 5.49543e-16 0
32 0 1.40064e-14 0
33 0 6.51944e-15 0
34 0 1.67885e-15 0
35 0 6.74881e-16 0
36 0 1.82723e-15 0
37 0 1.92898e-15 0
38 0 1.9575e-15 0
39 0 1.60734e-15 0
40 0 1.02433e-15 0
41 0 1.68936e-15 0
42 0 6.74881e-16 0
43 0 7.38092e-16 0
