35
9 0 1.15191e-15 0
10 0 7.39923e-16 0
11 0 1.4155e-15 0
12 0 3.99851e-16 0
13 0 1.48e-15 0
14 0 1.42859e-15 0
15 0 7.39923e-16 0
16 0 7.39923e-16 0
17 0 2.62043e-15 0
18 0 1.03936e-15 0
19 0 3.99851e-16 0
20 0 1.42859e-15 0
21 0 1.15191e-15 0
22 0 3.99851e-16 0
23 0 1.00647e-15 0
24 0 7.39923e-16 0
25 0 7.39923e-16 0
26 0 7.39923e-16 0
27 0 1.48e-15 0
28 0 1.4155e-15 0
29 0 3.20792e-14 0
30 0 1.07915e-14 0
31 0 1.24644e-16 0
32 0 1.24644e-16 0
33 0 2.75041e-15 0
34 0 3.39396e-15 0
35 0 1.52945e-15 0
