79
8 0 1.61267e-16 0
9 0 1.61267e-16 0
10 0 1.61267e-16 0
11 0 1.61267e-16 0
12 0 1.9381e-15 0
13 0 1.9381e-15 0
14 0 1.61267e-16 0
15 0 1.61267e-16 0
16 0 1.6388e-15 0
17 0 1.6388e-15 0
18 0 1.61267e-16 0
19 0 1.61267e-16 0
20 0 1.6388e-15 0
21 0 1.6388e-15 0
22 0 1.61267e-16 0
23 0 1.61267e-16 0
24 0 1.61267e-16 0
25 0 1.61267e-16 0
26 0 2.08262e-15 0
27 0 2.10925e-15 0
28 0 4.17644e-15 0
29 0 7.39672e-15 0
30 0 5.52418e-15 0
31 0 5.12871e-15 0
32 0 3.99851e-16 0
33 0 1.57287e-15 0
34 0 5.99061e-16 0
35 0 5.99061e-16 0
36 0 6.64328e-15 0
37 0 4.88364e-15 0
38 0 6.48731e-15 0
39 0 3.99851e-16 0
40 0 7.59332e-15 0
41 0 7.86385e-15 0
42 0 7.04737e-15 0
43 0 1.98334e-15 0
44 0 1.06654e-15 0
45 0 3.99851e-16 0
46 0 6.03659e-16 0
47 0 6.03659e-16 0
48 0 7.21065e-15 0
49 0 6.40386e-16 0
50 0 9.96483e-15 0
51 0 8.02236e-15 0
52 0 5.75063e-16 0
53 0 1.57762e-15 0
54 0 1.05678e-14 0
55 0 1.01114e-15 0
56 0 6.40386e-16 0
57 0 9.43786e-16 0
58 0 1.14415e-14 0
59 0 1.04881e-15 0
60 0 7.03691e-16 0
61 0 1.48783e-14 0
62 0 1.01114e-15 0
63 0 6.95784e-16 0
64 0 1.6763e-14 0
65 0 4.02886e-15 0
66 0 7.41895e-16 0
67 0 3.06472e-13 0
68 0 2.38211e-14 0
69 0 6.30155e-15 0
70 0 1.02813e-15 0
71 0 1.82584e-14 0
72 0 2.17637e-14 0
73 0 5.66384e-14 0
74 0 2.10295e-14 0
75 0 3.03026e-14 0
76 0 2.17346e-14 0
77 0 1.02433e-15 0
78 0 2.18822e-14 0
79 0 7.38092e-16 0
