107
17 0 6.03659e-16 0
18 0 6.03659e-16 0
19 0 6.03659e-16 0
20 0 6.03659e-16 0
21 0 6.03659e-16 0
22 0 6.16574e-16 0
23 0 3.14735e-15 0
24 0 7.92401e-15 0
25 0 8.57433e-15 0
26 0 8.27655e-15 0
27 0 7.39923e-16 0
28 0 6.93208e-16 0
29 0 7.39923e-16 0
30 0 6.93208e-16 0
31 0 7.39923e-16 0
32 0 6.93208e-16 0
33 0 7.39923e-16 0
34 0 6.93208e-16 0
35 0 7.39923e-16 0
36 0 3.77682e-16 0
37 0 7.39923e-16 0
38 0 3.77682e-16 0
39 0 7.39923e-16 0
40 0 3.77682e-16 0
41 0 7.39923e-16 0
42 0 5.83013e-16 0
43 0 3.55952e-15 0
44 0 3.4889e-15 0
45 0 3.57888e-15 0
46 0 4.42074e-15 0
47 0 3.99851e-16 0
48 0 3.99851e-16 0
49 0 3.99851e-16 0
50 0 3.99851e-16 0
51 0 6.3342e-16 0
52 0 5.78021e-16 0
53 0 6.3342e-16 0
54 0 6.3342e-16 0
55 0 1.85549e-15 0
56 0 3.85507e-15 0
57 0 3.85507e-15 0
58 0 3.85989e-15 0
59 0 3.87118e-15 0
60 0 3.99851e-16 0
61 0 6.12999e-16 0
62 0 6.12999e-16 0
63 0 6.12999e-16 0
64 0 6.12999e-16 0
65 0 2.6579e-14 0
66 0 3.99676e-15 0
67 0 4.47322e-15 0
68 0 1.4375e-14 0
69 0 4.76658e-15 0
70 0 1.61267e-16 0
71 0 1.61267e-16 0
72 0 1.61267e-16 0
73 0 1.61267e-16 0
74 0 1.61267e-16 0
75 0 1.61267e-16 0
76 0 1.61267e-16 0
77 0 1.61267e-16 0
78 0 1.0848e-14 0
79 0 6.75243e-15 0
80 0 6.90523e-15 0
81 0 9.02505e-15 0
82 0 8.5072e-16 0
83 0 2.16952e-15 0
84 0 1.70697e-15 0
85 0 2.21919e-15 0
86 0 7.95322e-16 0
87 0 7.39923e-16 0
88 0 8.95847e-16 0
89 0 4.78077e-15 0
90 0 5.84374e-15 0
91 0 1.43671e-15 0
92 0 2.33971e-13 0
93 0 4.08112e-15 0
94 0 3.1864e-15 0
95 0 1.43861e-15 0
96 0 1.43213e-15 0
97 0 2.08791e-15 0
98 0 4.01175e-15 0
99 0 1.66077e-16 0
100 0 3.44738e-15 0
101 0 5.63001e-14 0
102 0 4.73151e-15 0
103 0 3.93008e-15 0
104 0 2.23159e-15 0
105 0 1.43861e-15 0
106 0 1.96155e-15 0
107 0 1.43861e-15 0
