184
25 0 1.61267e-16 0
26 0 2.25072e-16 0
27 0 1.61267e-16 0
28 0 2.25072e-16 0
29 0 1.61267e-16 0
30 0 1.61267e-16 0
31 0 1.61267e-16 0
32 0 1.61267e-16 0
33 0 1.9381e-15 0
34 0 1.9381e-15 0
35 0 4.05058e-15 0
36 0 5.41715e-15 0
37 0 1.61267e-16 0
38 0 1.61267e-16 0
39 0 1.6388e-15 0
40 0 1.6388e-15 0
41 0 1.61267e-16 0
42 0 1.61267e-16 0
43 0 1.6388e-15 0
44 0 1.6388e-15 0
45 0 9.00521e-15 0
46 0 6.29131e-15 0
47 0 1.61267e-16 0
48 0 1.61267e-16 0
49 0 1.61267e-16 0
50 0 1.61267e-16 0
51 0 2.08262e-15 0
52 0 2.10925e-15 0
53 0 5.78021e-16 0
54 0 3.4889e-15 0
55 0 8.48698e-15 0
56 0 6.03659e-16 0
57 0 6.12999e-16 0
58 0 3.85507e-15 0
59 0 7.39923e-16 0
60 0 7.39923e-16 0
61 0 6.03659e-16 0
62 0 4.17644e-15 0
63 0 7.39672e-15 0
64 0 3.77682e-16 0
65 0 6.93208e-16 0
66 0 5.52418e-15 0
67 0 5.12871e-15 0
68 0 3.99851e-16 0
69 0 1.57287e-15 0
70 0 5.99061e-16 0
71 0 5.99061e-16 0
72 0 6.64328e-15 0
73 0 3.99851e-16 0
74 0 4.88364e-15 0
75 0 6.48731e-15 0
76 0 3.99851e-16 0
77 0 6.3342e-16 0
78 0 3.57888e-15 0
79 0 9.78914e-15 0
80 0 7.59332e-15 0
81 0 7.86385e-15 0
82 0 7.04737e-15 0
83 0 1.98334e-15 0
84 0 6.03659e-16 0
85 0 1.06654e-15 0
86 0 3.99851e-16 0
87 0 6.03659e-16 0
88 0 6.03659e-16 0
89 0 7.21065e-15 0
90 0 6.12999e-16 0
91 0 3.85989e-15 0
92 0 6.40386e-16 0
93 0 9.96483e-15 0
94 0 7.39923e-16 0
95 0 7.39923e-16 0
96 0 8.02236e-15 0
97 0 5.75063e-16 0
98 0 1.57762e-15 0
99 0 3.77682e-16 0
100 0 6.93208e-16 0
101 0 1.05678e-14 0
102 0 3.99851e-16 0
103 0 8.57433e-15 0
104 0 1.01114e-15 0
105 0 1.08561e-14 0
106 0 1.61267e-16 0
107 0 1.61267e-16 0
108 0 3.99676e-15 0
109 0 6.40386e-16 0
110 0 8.95847e-16 0
111 0 6.3342e-16 0
112 0 3.55952e-15 0
113 0 7.95322e-16 0
114 0 2.16952e-15 0
115 0 9.43786e-16 0
116 0 1.22732e-14 0
117 0 1.14415e-14 0
118 0 6.75243e-15 0
119 0 1.61267e-16 0
120 0 1.61267e-16 0
121 0 4.54855e-15 0
122 0 6.03659e-16 0
123 0 6.12999e-16 0
124 0 3.85507e-15 0
125 0 6.90523e-15 0
126 0 1.61267e-16 0
127 0 1.61267e-16 0
128 0 1.44273e-14 0
129 0 7.39923e-16 0
130 0 7.39923e-16 0
131 0 7.39923e-16 0
132 0 2.21919e-15 0
133 0 1.04881e-15 0
134 0 9.02505e-15 0
135 0 1.61267e-16 0
136 0 1.61267e-16 0
137 0 4.76658e-15 0
138 0 3.77682e-16 0
139 0 6.93208e-16 0
140 0 7.03691e-16 0
141 0 3.99851e-16 0
142 0 7.92401e-15 0
143 0 1.48783e-14 0
144 0 8.5072e-16 0
145 0 1.70698e-15 0
146 0 6.3342e-16 0
147 0 4.42074e-15 0
148 0 1.27018e-14 0
149 0 1.01114e-15 0
150 0 6.03659e-16 0
151 0 6.95784e-16 0
152 0 6.12999e-16 0
153 0 3.87118e-15 0
154 0 2.65871e-14 0
155 0 7.39923e-16 0
156 0 7.39923e-16 0
157 0 3.14735e-15 0
158 0 5.83013e-16 0
159 0 6.93208e-16 0
160 0 1.85549e-15 0
161 0 3.99851e-16 0
162 0 6.16574e-16 0
163 0 3.99851e-16 0
164 0 8.27655e-15 0
165 0 3.03736e-14 0
166 0 2.53626e-14 0
167 0 5.29811e-16 0
168 0 6.71847e-13 0
169 0 2.87636e-14 0
170 0 2.39848e-14 0
171 0 2.10146e-15 0
172 0 1.43213e-15 0
173 0 2.08791e-15 0
174 0 2.58153e-14 0
175 0 1.66077e-16 0
176 0 1.3452e-13 0
177 0 2.6363e-14 0
178 0 3.25554e-14 0
179 0 3.61083e-14 0
180 0 2.98276e-14 0
181 0 4.91601e-16 0
182 0 1.88887e-15 0
183 0 2.5795e-14 0
184 0 2.05142e-15 0
