57
12 0 5.42777e-16 0
13 0 5.42777e-16 0
14 0 5.42777e-16 0
15 0 5.42777e-16 0
16 0 3.99851e-16 0
17 0 3.99851e-16 0
18 0 3.99851e-16 0
19 0 3.99851e-16 0
20 0 1.42859e-15 0
21 0 1.15191e-15 0
22 0 1.42859e-15 0
23 0 1.15191e-15 0
24 0 1.42859e-15 0
25 0 1.15191e-15 0
26 0 1.42859e-15 0
27 0 1.15191e-15 0
28 0 7.39923e-16 0
29 0 7.39923e-16 0
30 0 7.39923e-16 0
31 0 7.39923e-16 0
32 0 7.39923e-16 0
33 0 7.39923e-16 0
34 0 7.39923e-16 0
35 0 7.39923e-16 0
36 0 1.48e-15 0
37 0 1.4155e-15 0
38 0 1.48e-15 0
39 0 1.4155e-15 0
40 0 1.48e-15 0
41 0 1.4155e-15 0
42 0 1.48e-15 0
43 0 1.4155e-15 0
44 0 1.16836e-15 0
45 0 1.57654e-16 0
46 0 4.67073e-14 0
47 0 1.16836e-15 0
48 0 1.57654e-16 0
49 0 1.16836e-15 0
50 0 1.16836e-15 0
51 0 1.67982e-14 0
52 0 1.11511e-15 0
53 0 1.11511e-15 0
54 0 1.11511e-15 0
55 0 1.57654e-16 0
56 0 1.11511e-15 0
57 0 1.57654e-16 0
