75
13 0 5.78021e-16 0
14 0 5.78021e-16 0
15 0 5.78021e-16 0
16 0 5.78021e-16 0
17 0 5.78021e-16 0
18 0 6.16574e-16 0
19 0 7.92401e-15 0
20 0 8.57433e-15 0
21 0 8.24661e-15 0
22 0 7.39923e-16 0
23 0 6.93208e-16 0
24 0 7.39923e-16 0
25 0 6.93208e-16 0
26 0 7.39923e-16 0
27 0 6.93208e-16 0
28 0 7.39923e-16 0
29 0 6.93208e-16 0
30 0 7.39923e-16 0
31 0 3.77682e-16 0
32 0 7.39923e-16 0
33 0 3.77682e-16 0
34 0 7.39923e-16 0
35 0 3.77682e-16 0
36 0 7.39923e-16 0
37 0 3.77682e-16 0
38 0 3.55952e-15 0
39 0 3.4889e-15 0
40 0 3.57888e-15 0
41 0 4.42074e-15 0
42 0 3.99851e-16 0
43 0 3.99851e-16 0
44 0 3.99851e-16 0
45 0 3.99851e-16 0
46 0 6.3342e-16 0
47 0 5.78021e-16 0
48 0 6.3342e-16 0
49 0 6.3342e-16 0
50 0 3.85507e-15 0
51 0 3.85507e-15 0
52 0 3.85989e-15 0
53 0 3.85349e-15 0
54 0 6.12999e-16 0
55 0 6.12999e-16 0
56 0 6.12999e-16 0
57 0 6.12999e-16 0
58 0 2.0602e-15 0
59 0 1.14992e-13 0
60 0 4.118e-16 0
61 0 2.0602e-15 0
62 0 1.06102e-14 0
63 0 4.118e-16 0
64 0 4.118e-16 0
65 0 1.94909e-15 0
66 0 2.0602e-15 0
67 0 4.118e-16 0
68 0 2.1008e-16 0
69 0 2.0602e-15 0
70 0 4.39044e-14 0
71 0 4.118e-16 0
72 0 1.71103e-15 0
73 0 1.70912e-15 0
74 0 1.71448e-15 0
75 0 1.55733e-15 0
