53
12 0 3.99851e-16 0
13 0 3.99851e-16 0
14 0 3.99851e-16 0
15 0 3.99851e-16 0
16 0 1.42859e-15 0
17 0 1.15191e-15 0
18 0 1.42859e-15 0
19 0 1.15191e-15 0
20 0 1.42859e-15 0
21 0 1.15191e-15 0
22 0 1.42859e-15 0
23 0 1.15191e-15 0
24 0 7.39923e-16 0
25 0 7.39923e-16 0
26 0 7.39923e-16 0
27 0 7.39923e-16 0
28 0 7.39923e-16 0
29 0 7.39923e-16 0
30 0 7.39923e-16 0
31 0 7.39923e-16 0
32 0 1.48e-15 0
33 0 1.4155e-15 0
34 0 1.48e-15 0
35 0 1.4155e-15 0
36 0 1.48e-15 0
37 0 1.4155e-15 0
38 0 1.48e-15 0
39 0 1.4155e-15 0
40 0 1.16836e-15 0
41 0 1.24644e-16 0
42 0 4.39625e-14 0
43 0 1.16836e-15 0
44 0 1.24644e-16 0
45 0 1.16836e-15 0
46 0 1.16836e-15 0
47 0 1.55263e-14 0
48 0 1.11511e-15 0
49 0 1.11511e-15 0
50 0 1.11511e-15 0
51 0 1.24644e-16 0
52 0 1.11511e-15 0
53 0 1.24644e-16 0
